	1 2 3 4 5 6 7 8 9 0 1 2 3 4 5 6 7 8 9 0 1 2 3 4 5 6 7 8 9 0

1	ÿ.ÿ.ÿ.ÿ.ÿ.ÿ.ÿ.ÿ.ÿ.ÿ.ÿ.ÿ.ÿ.ÿ.ÿ.ÿ.ÿ.ÿ.ÿ.ÿ.ÿ.ÿ.ÿ.ÿ.ÿ.ÿ.ÿ.ÿ.ÿ.ÿ.
2	ÿ.ÿ.ÿ.ÿ.e.f.e.e.e.i.e.f.e.e.f.e.e.e.e.e.f.e.i.e.e.i/e.f.e.ÿ.
3	ÿ.ÿ.ÿ.ÿ.i.....e.....e...f.......e.e...e...f...f.........e.ÿ.
4	ÿ.ÿ.ÿ.ÿ.e.e.o.f.........e...f.e.e.............e.........f.ÿ.
5	ÿ.ÿ.ÿ.ÿ.e.....f.e.f.e.......e.f.e.........e.f.e.....f.e.e.ÿ.
6	ÿ.ÿ.ÿ.ÿ.f...........e.e.f.......e.e.e.....f...e.u.f.e...l,ÿ.
7	ÿ.ÿ.ÿ.ÿ.e.e.f.e.f.......e...f...u...e.f.f.e...f.e.f.e...e.ÿ.
8	ÿ.ÿ.ÿ.ÿ.f...e.f.e...f...e...e...f.........f.............f.ÿ.
9	ÿ.ÿ.ÿ.ÿ.e...............f.......e.e.f.e.o.f.u.e.f.f.e.f.e.ÿ.
0	ÿ.ÿ.ÿ.ÿ.e.f.f.e.f...e.f.e.e.f...f.....e...e.....f.......i.ÿ.
1	ÿ.ÿ.ÿ.ÿ.e.......e...f.......e...e.....f.e.f.....e.e.u.f.e.ÿ.
2	ÿ.ÿ.ÿ.ÿ.e...e.......e...f.......f...............e.f....#f.ÿ.
3	ÿ.ÿ.ÿ.ÿ.f...f.f.e.f.e.e.e.f.e.f.e.g.f.e.e.f.f.g.e.f.....f.ÿ.
4	ÿ.ÿ.ÿ.ÿ.e...........g...........................e.e...e.e.ÿ.
5	ÿ.ÿ.ÿ.ÿ.e.f.e.f.e...f...........................f.....e.e.ÿ.
6	ÿ.ÿ.ÿ.ÿ.e......'e.o.f.....e.....f...e.....f.....e.f.e.e.e.ÿ.
7	ÿ.ÿ.ÿ.ÿ.e.......f...e...........................g.....f.e.ÿ.
8	ÿ.ÿ.ÿ.ÿ.e.e.f.u.e.e.f...........e...f...........f.f...e.e.ÿ.
9	ÿ.ÿ.ÿ.ÿ.f........)..e...........f.p.e..$........e.....f.e.ÿ.
0	ÿ.ÿ.ÿ.ÿ.e...........f.............f.............e.....e.e.ÿ.
1	ÿ.ÿ.ÿ.ÿ.e.g.f.e.f.f.e.....f...............e.....e...f.e.e.ÿ.
2	ÿ.ÿ.ÿ.ÿ.f..........%e...........e...f...........f.....i.e.ÿ.
3	ÿ.ÿ.ÿ.ÿ.e.....e.....f..........................*e.....e.e.ÿ.
4	ÿ.ÿ.ÿ.ÿ.f...........f.f.e.f.f.e.g.f.e.e.f.e.e.f.e.e.f.e.e.ÿ.
5	ÿ.ÿ.ÿ.ÿ.e.e.e.f.f.e.e.........e...f...f.e.f.............f.ÿ.
6	ÿ.s.s.s.f...........f.........f...e.....i.f.f.e.f.e.e...e.ÿ.
7	ÿ.s.t"s.e.....f.....e.........e.f.e.f.f.e...f...........e.ÿ.
8	ÿ.s...s.f.w.........f.........g.............e...e.f.e.f.e.ÿ.
9	ÿ.s.. r.w.v.e...e...f.e.e.f.f.e.e.f...e.f.f.e.i.e.......f.ÿ.
0	ÿ.s..!s...e.f...e.f.e.......e...o.......e.f..+f.e.......f.ÿ.
1	ÿ.s.v.s...e..&....f.f...f.e.f..(e...f...f.....o.........i-ÿ.
2	ÿ.s.s.s.i.e.e.f.e.e.e.i.e.e.e.e.e.e.e.e.e.e.f.e.f.e.f.e.e.ÿ.
3	ÿ.ÿ.ÿ.ÿ.ÿ.ÿ.ÿ.ÿ.ÿ.ÿ.ÿ.ÿ.ÿ.ÿ.ÿ.ÿ.ÿ.ÿ.ÿ.ÿ.ÿ.ÿ.ÿ.ÿ.ÿ.ÿ.ÿ.ÿ.ÿ.ÿ.

	1 2 3 4 5 6 7 8 9 0 1 2 3 4 5 6 7 8 9 0 1 2 3 4 5 6 7 8 9 0
